0.08079028129577637 0.012890625
0.16189789772033691 0.0515625
0.24302411079406738 0.07734374999999999
0.3244819641113281 0.09023437499999999
0.4056389331817627 0.12890625
0.48676180839538574 0.15468749999999998
0.5679664611816406 0.167578125
0.6491591930389404 0.20625
0.7303156852722168 0.21914062499999998
0.8116614818572998 0.24492187499999998
0.8929967880249023 0.270703125
0.9747529029846191 0.29648437499999997
1.056436538696289 0.30937499999999996
1.1381275653839111 0.33515625
1.219726800918579 0.37382812499999996
1.3014953136444092 0.38671875
1.3832368850708008 0.42539062499999997
1.4649791717529297 0.43828124999999996
1.5467052459716797 0.4640625
1.628175973892212 0.476953125
1.7097055912017822 0.502734375
1.7913379669189453 0.54140625
1.8729674816131592 0.554296875
1.9546170234680176 0.5671875
2.0361759662628174 0.5929687499999999
2.117844820022583 0.6187499999999999
2.199502944946289 0.64453125
2.2812130451202393 0.6703125
2.362734317779541 0.6832031249999999
2.444272756576538 0.69609375
2.5258443355560303 0.7218749999999999
2.6073837280273438 0.7476562499999999
2.6890974044799805 0.760546875
2.7708258628845215 0.7863281249999999
2.8523852825164795 0.79921875
2.933851718902588 0.825
3.015489339828491 0.8507812499999999
3.097163200378418 0.863671875
3.17879581451416 0.8765624999999999
3.260472059249878 0.90234375
3.3420908451080322 0.928125
3.4235684871673584 0.9410156249999999
3.505275249481201 0.95390625
3.586914300918579 0.9796874999999999
3.668550729751587 1.00546875
3.750136137008667 1.00546875
3.831770658493042 1.03125
3.9134559631347656 1.0570312499999999
3.9951131343841553 1.069921875
4.07691216468811 1.0828125
4.158405542373657 1.10859375
4.240062236785889 1.134375
4.321752071380615 1.173046875
4.403411626815796 1.16015625
4.485008478164673 1.173046875
4.566654920578003 1.198828125
4.6483283042907715 1.21171875
4.730382919311523 1.21171875
4.812355041503906 1.2503906249999999
4.893695831298828 1.26328125
4.974859237670898 1.26328125
5.056174993515015 1.2890625
5.13727331161499 1.3019531249999998
5.218398332595825 1.3148437499999999
5.299521207809448 1.340625
5.3806846141815186 1.340625
5.461930751800537 1.3664062499999998
5.543242692947388 1.3792968749999999
5.624910354614258 1.405078125
5.706578969955444 1.405078125
5.7881550788879395 1.4308593749999998
5.870079278945923 1.4437499999999999
5.95168662071228 1.456640625
6.03315281867981 1.46953125
6.114791393280029 1.482421875
6.196525573730469 1.5082031249999999
6.278082370758057 1.52109375
6.359754800796509 1.533984375
6.441378116607666 1.533984375
6.523072719573975 1.5597656249999998
6.6046905517578125 1.5726562499999999
6.6862952709198 1.585546875
6.76838493347168 1.5984375
6.850018262863159 1.611328125
6.931642532348633 1.6371093749999999
7.01335334777832 1.65
7.095031976699829 1.65
7.176748275756836 1.662890625
7.258462190628052 1.67578125
7.340100288391113 1.6886718749999998
7.421921253204346 1.7015624999999999
7.503451108932495 1.714453125
7.58505392074585 1.72734375
7.666561603546143 1.7531249999999998
7.748219728469849 1.7660156249999999
7.829851150512695 1.7660156249999999
7.911333799362183 1.77890625
7.992910861968994 1.791796875
8.074656248092651 1.8046875
8.156273126602173 1.8046875
8.237878561019897 1.843359375
8.31966233253479 1.843359375
8.401296138763428 1.85625
8.482881307601929 1.85625
8.564598798751831 1.869140625
8.646217346191406 1.8820312499999998
8.727814435958862 1.8949218749999999
8.809394359588623 1.9078125
8.891061305999756 1.920703125
8.972872257232666 1.8304687499999999
9.05450439453125 1.9464843749999998
9.136114358901978 1.9593749999999999
9.21768069267273 1.972265625
9.299294233322144 1.9593749999999999
9.380893468856812 1.98515625
9.46256947517395 1.98515625
9.544093370437622 1.998046875
9.625623226165771 2.0109375
9.707648038864136 2.03671875
9.789791345596313 2.0625
9.871753931045532 2.0496093749999997
9.953152894973755 2.03671875
10.034625053405762 2.0625
10.116227388381958 2.0625
10.197871446609497 2.08828125
10.27947473526001 2.08828125
10.361231327056885 2.101171875
10.443040132522583 2.1140624999999997
10.524625062942505 2.1140624999999997
10.606345891952515 2.126953125
10.687968254089355 2.13984375
10.769654989242554 2.152734375
10.851288557052612 2.165625
10.932939052581787 2.165625
11.01444387435913 2.165625
11.096175909042358 2.19140625
11.17783498764038 2.19140625
11.259563684463501 2.19140625
11.341201782226562 2.204296875
11.422889947891235 2.2171875
11.504441976547241 2.2171875
11.586109399795532 2.230078125
11.667782068252563 2.255859375
11.749540328979492 2.2429687499999997
11.831136226654053 2.255859375
11.912892580032349 2.26875
11.994459390640259 2.281640625
12.076129913330078 2.281640625
12.157884120941162 2.281640625
12.239492177963257 2.3074218749999997
12.321281909942627 2.29453125
12.403017520904541 2.3074218749999997
12.484749555587769 2.3203125
12.566280364990234 2.3203125
12.647863626480103 2.3203125
12.729552507400513 2.34609375
12.811246156692505 2.358984375
12.892961025238037 2.358984375
12.974632024765015 2.462109375
13.056211233139038 2.358984375
13.137838363647461 2.3718749999999997
13.219581127166748 2.384765625
13.301148176193237 2.39765625
13.382814884185791 2.39765625
13.464293718338013 2.39765625
13.545962572097778 2.462109375
13.627776861190796 2.462109375
13.709518671035767 2.4363281249999997
13.791195154190063 2.462109375
13.872889041900635 2.462109375
13.95459794998169 2.462109375
14.036250591278076 2.462109375
14.11800479888916 2.462109375
14.199562788009644 2.462109375
14.281173944473267 2.462109375
14.362902402877808 2.4749999999999996
14.44456434249878 2.487890625
14.526171684265137 2.487890625
14.607810497283936 2.487890625
14.6896653175354 2.6683593749999996
14.772284984588623 2.5265625
14.854318857192993 2.5265625
14.93648386001587 2.5394531249999996
15.01769471168518 2.513671875
15.098814249038696 2.5265625
15.179999113082886 2.5265625
15.26111102104187 2.5394531249999996
15.342247247695923 2.5394531249999996
15.42341136932373 2.5394531249999996
15.504735946655273 2.55234375
15.586067914962769 2.5652343749999997
15.66776990890503 2.578125
15.749471426010132 2.591015625
15.8312349319458 2.578125
15.912972927093506 2.591015625
15.994758367538452 2.6039062499999996
16.076274156570435 2.591015625
16.157843112945557 2.616796875
16.23947501182556 2.6039062499999996
16.320929288864136 2.616796875
16.402430534362793 2.616796875
16.483881950378418 2.6296874999999997
16.565526962280273 2.6296874999999997
16.647128343582153 2.642578125
16.728724479675293 2.6683593749999996
16.810347080230713 2.6683593749999996
16.892013788223267 2.6683593749999996
16.97369694709778 2.6683593749999996
17.055269718170166 2.6683593749999996
17.13680362701416 2.65546875
17.218337774276733 2.6683593749999996
17.299856424331665 2.6683593749999996
17.381534337997437 2.6941406249999997
17.463196992874146 2.6941406249999997
17.544836282730103 2.68125
17.626585721969604 2.70703125
17.708158254623413 2.6941406249999997
17.78997302055359 2.70703125
17.871721029281616 2.70703125
17.953378438949585 2.70703125
18.0348961353302 2.70703125
18.116453647613525 2.7328124999999996
18.198240280151367 2.7328124999999996
18.279902696609497 2.7328124999999996
18.36162257194519 2.7328124999999996
18.443251132965088 2.7328124999999996
18.5248281955719 2.7328124999999996
18.60643219947815 2.771484375
18.688053131103516 2.771484375
18.7697274684906 2.771484375
18.85126519203186 2.771484375
18.932860851287842 2.771484375
19.0144305229187 2.7585937499999997
19.09607243537903 2.771484375
19.177727937698364 2.771484375
19.259393453598022 2.771484375
19.341103076934814 2.784375
19.422938346862793 2.784375
19.504645347595215 2.7972656249999996
19.586381435394287 2.7972656249999996
19.66804003715515 2.7972656249999996
19.75016498565674 2.8230468749999997
19.83189368247986 2.81015625
19.912994146347046 2.7972656249999996
19.994107007980347 2.7972656249999996
20.07526969909668 2.7972656249999996
20.156500577926636 2.81015625
20.237693071365356 2.81015625
20.318822622299194 2.81015625
20.400047302246094 2.8230468749999997
20.481146812438965 2.8230468749999997
20.562578201293945 2.8359375
20.644188165664673 2.8359375
20.72574472427368 2.874609375
20.807369709014893 2.848828125
20.88933491706848 2.874609375
20.970961093902588 2.874609375
21.052529335021973 2.8617187499999996
21.13419771194458 2.8617187499999996
21.215965032577515 2.874609375
21.2976553440094 2.874609375
21.379266500473022 2.874609375
21.460869550704956 2.874609375
21.542544841766357 2.874609375
21.624171495437622 2.874609375
21.705798625946045 2.874609375
21.78748059272766 2.900390625
21.86910128593445 2.874609375
21.950607299804688 2.8874999999999997
22.032207489013672 2.8874999999999997
22.113850593566895 2.900390625
22.195508003234863 2.900390625
22.277066707611084 2.900390625
22.35875129699707 2.8874999999999997
22.44025468826294 2.900390625
22.521901607513428 2.900390625
22.60354518890381 2.9261718749999996
22.685245037078857 2.91328125
22.76680850982666 2.91328125
22.84843683242798 2.9261718749999996
22.93009328842163 2.9261718749999996
23.011873483657837 2.9261718749999996
23.093450784683228 2.9390625
23.175049304962158 2.9261718749999996
23.256572723388672 2.9261718749999996
23.338183641433716 2.9390625
23.419947862625122 2.9519531249999997
23.501484155654907 2.9390625
23.58303999900818 2.9519531249999997
23.664571046829224 2.9390625
23.74618172645569 2.9519531249999997
23.828009128570557 2.977734375
23.9095516204834 2.977734375
23.991196155548096 2.977734375
24.072847843170166 2.977734375
24.154422760009766 2.96484375
24.23612666130066 2.977734375
24.317686319351196 2.96484375
24.399450540542603 2.96484375
24.481130599975586 2.977734375
24.562881231307983 2.96484375
24.644604921340942 2.977734375
24.726801872253418 3.0164062499999997
24.808836460113525 3.0164062499999997
24.890679836273193 2.977734375
24.971872091293335 2.977734375
25.052990436553955 2.977734375
25.134050846099854 2.977734375
25.21520185470581 2.977734375
25.296332597732544 2.9906249999999996
25.37752628326416 2.977734375
25.45868945121765 2.9906249999999996
25.5398428440094 2.9906249999999996
25.621519327163696 3.0164062499999997
25.703204870224 3.0164062499999997
25.784815311431885 3.003515625
25.866702556610107 3.0421875
25.948245525360107 3.003515625
26.02992582321167 3.003515625
26.111771821975708 3.029296875
26.193893432617188 3.029296875
26.275639057159424 3.0164062499999997
26.357284545898438 3.029296875
26.438902854919434 3.029296875
26.520458459854126 3.029296875
26.60214591026306 3.029296875
26.683863401412964 3.029296875
26.765523195266724 3.029296875
26.847181797027588 3.029296875
26.92875623703003 3.029296875
27.01049828529358 3.029296875
27.092139720916748 3.0421875
27.173814058303833 3.0421875
27.255428075790405 3.0421875
27.337066888809204 3.029296875
27.418656587600708 3.0421875
27.500329732894897 3.0808593749999997
27.581954956054688 3.0421875
27.663654565811157 3.0550781249999996
27.745378494262695 3.0550781249999996
27.82699680328369 3.0421875
27.908637762069702 3.0550781249999996
27.99036693572998 3.0808593749999997
28.072129726409912 3.0808593749999997
28.153698682785034 3.0808593749999997
28.235387563705444 3.0808593749999997
28.317094326019287 3.0808593749999997
28.3988618850708 3.0808593749999997
28.48063087463379 3.0808593749999997
28.562294721603394 3.06796875
28.64393711090088 3.06796875
28.725622415542603 3.06796875
28.807379007339478 3.0808593749999997
28.889052867889404 3.0808593749999997
28.970654010772705 3.0808593749999997
29.05235195159912 3.0808593749999997
29.13405704498291 3.0808593749999997
29.21600365638733 3.0808593749999997
29.297465801239014 3.0808593749999997
29.37901210784912 3.0808593749999997
29.46053433418274 3.0808593749999997
29.54226589202881 3.09375
29.62394070625305 3.09375
29.70590567588806 3.132421875
29.787941694259644 3.106640625
29.86945152282715 3.0808593749999997
29.950608253479004 3.0808593749999997
30.03174614906311 3.0808593749999997
30.112858533859253 3.0808593749999997
30.193965435028076 3.0808593749999997
30.275100469589233 3.0808593749999997
30.35614585876465 3.0808593749999997
30.43730878829956 3.09375
30.51844549179077 3.0808593749999997
30.599878072738647 3.106640625
30.68138098716736 3.09375
30.762853860855103 3.106640625
30.844902515411377 3.1195312499999996
30.926889896392822 3.106640625
31.008407592773438 3.106640625
31.089929342269897 3.106640625
31.171614408493042 3.106640625
31.253405570983887 3.132421875
31.334895372390747 3.106640625
31.416341304779053 3.1195312499999996
31.49789023399353 3.1195312499999996
31.57954978942871 3.1195312499999996
31.661222219467163 3.106640625
31.74278950691223 3.106640625
31.82442879676819 3.1195312499999996
31.906125783920288 3.132421875
31.98763394355774 3.1195312499999996
32.069252729415894 3.1195312499999996
32.15091824531555 3.1195312499999996
32.23271942138672 3.132421875
32.314178705215454 3.1195312499999996
32.395628452301025 3.1195312499999996
32.477306604385376 3.132421875
32.559003829956055 3.132421875
32.64076209068298 3.1453124999999997
32.722546100616455 3.132421875
32.80408811569214 3.132421875
32.88585042953491 3.132421875
32.968196868896484 3.132421875
33.049851417541504 3.132421875
33.13140416145325 3.132421875
33.21285557746887 3.1453124999999997
33.2943332195282 3.1453124999999997
33.37588977813721 3.1453124999999997
33.45781087875366 3.1453124999999997
33.5393340587616 3.132421875
33.62085580825806 3.158203125
33.70267581939697 3.1453124999999997
33.78435277938843 3.132421875
33.866358280181885 3.1453124999999997
33.94803285598755 3.158203125
34.029701232910156 3.158203125
34.11139678955078 3.1453124999999997
34.193010091781616 3.1453124999999997
34.27462983131409 3.1453124999999997
34.3562912940979 3.1453124999999997
34.437976121902466 3.158203125
34.5195415019989 3.1453124999999997
34.60125207901001 3.158203125
34.68304991722107 3.17109375
34.76513457298279 3.1839843749999996
34.8470504283905 3.1839843749999996
34.92841935157776 3.158203125
35.00996160507202 3.1839843749999996
35.091819047927856 3.158203125
35.17344284057617 3.158203125
35.25511074066162 3.158203125
35.33676052093506 3.158203125
35.41841721534729 3.1839843749999996
35.500094413757324 3.1839843749999996
35.581827878952026 3.1839843749999996
35.663597106933594 3.1839843749999996
35.74520397186279 3.158203125
35.82681894302368 3.17109375
35.90874433517456 3.1839843749999996
35.99047088623047 3.158203125
36.07214879989624 3.17109375
36.153802156448364 3.1839843749999996
36.2354211807251 3.1839843749999996
36.31712031364441 3.1839843749999996
36.39881420135498 3.1839843749999996
36.48055624961853 3.17109375
36.56210207939148 3.17109375
36.64376473426819 3.1839843749999996
36.72547793388367 3.1839843749999996
36.80734705924988 3.17109375
36.889037132263184 3.17109375
36.970746994018555 3.1839843749999996
37.05229187011719 3.1839843749999996
37.13386249542236 3.1839843749999996
37.215641021728516 3.17109375
37.29732036590576 3.1839843749999996
37.378883838653564 3.1839843749999996
37.46033215522766 3.1839843749999996
37.5419225692749 3.1839843749999996
37.623575925827026 3.1839843749999996
37.70507216453552 3.1839843749999996
37.78668999671936 3.1839843749999996
37.86824440956116 3.1839843749999996
37.95001935958862 3.1839843749999996
38.03187894821167 3.1839843749999996
38.11357522010803 3.1839843749999996
38.195358753204346 3.1839843749999996
38.27705430984497 3.1839843749999996
38.358704805374146 3.1839843749999996
38.44029760360718 3.1839843749999996
38.522199630737305 3.1839843749999996
38.60378646850586 3.196875
38.68542814254761 3.1839843749999996
38.76706004142761 3.1839843749999996
38.84879994392395 3.1839843749999996
38.930524587631226 3.196875
39.01220512390137 3.196875
39.093870878219604 3.1839843749999996
39.17590045928955 3.1839843749999996
39.2576379776001 3.196875
39.33930277824402 3.196875
39.42103028297424 3.196875
39.50264549255371 3.1839843749999996
39.5842604637146 3.196875
39.66591429710388 3.1839843749999996
39.74793601036072 3.2097656249999997
39.829918384552 3.22265625
39.91119742393494 3.1839843749999996
39.99238681793213 3.1839843749999996
40.07358741760254 3.1839843749999996
40.154810428619385 3.196875
40.2359893321991 3.1839843749999996
40.317137479782104 3.1839843749999996
40.39825081825256 3.1839843749999996
40.47936940193176 3.1839843749999996
40.56073260307312 3.196875
40.6425404548645 3.235546875
40.7242534160614 3.196875
40.8057746887207 3.196875
40.88773012161255 3.235546875
40.969366788864136 3.196875
41.051032304763794 3.22265625
41.1327702999115 3.196875
41.21440672874451 3.2097656249999997
41.296058177948 3.235546875
41.37761330604553 3.196875
41.45916247367859 3.196875
41.540668964385986 3.196875
41.62231969833374 3.22265625
41.703829765319824 3.196875
41.78558039665222 3.22265625
41.86732578277588 3.2097656249999997
41.94911241531372 3.2097656249999997
42.030680894851685 3.2097656249999997
42.11237096786499 3.235546875
42.194029569625854 3.196875
42.275596141815186 3.196875
42.35727667808533 3.2097656249999997
42.438924074172974 3.2097656249999997
42.52051115036011 3.2097656249999997
42.60213613510132 3.2097656249999997
42.68387007713318 3.22265625
42.76554322242737 3.2097656249999997
42.847193002700806 3.235546875
42.92911124229431 3.2097656249999997
43.01075482368469 3.235546875
43.09236526489258 3.22265625
43.17409586906433 3.2097656249999997
43.25560522079468 3.2097656249999997
43.33713364601135 3.2097656249999997
43.4187433719635 3.22265625
43.50048899650574 3.22265625
43.58210015296936 3.2097656249999997
43.66364884376526 3.22265625
43.745335817337036 3.2097656249999997
43.826905488967896 3.22265625
43.90855097770691 3.2097656249999997
43.99017596244812 3.235546875
44.07193422317505 3.2097656249999997
44.15359616279602 3.22265625
44.235191345214844 3.2097656249999997
44.31676912307739 3.2097656249999997
44.39843273162842 3.2097656249999997
44.48022818565369 3.235546875
44.5620493888855 3.2097656249999997
44.64366865158081 3.235546875
44.72584939002991 3.2484374999999996
44.807750940322876 3.261328125
44.88904857635498 3.2097656249999997
44.970210790634155 3.2097656249999997
45.05136823654175 3.2097656249999997
45.13251280784607 3.2097656249999997
45.213733196258545 3.196875
45.29490280151367 3.2097656249999997
45.376091957092285 3.2097656249999997
45.45722508430481 3.2097656249999997
45.53855562210083 3.22265625
45.620322704315186 3.22265625
45.70196533203125 3.22265625
45.78370809555054 3.235546875
45.86553072929382 3.261328125
45.947243213653564 3.235546875
46.02888894081116 3.22265625
46.11053395271301 3.22265625
46.192023515701294 3.2097656249999997
46.27351188659668 3.235546875
46.35517120361328 3.22265625
46.43700408935547 3.261328125
46.518653869628906 3.235546875
46.6004159450531 3.235546875
46.68210029602051 3.235546875
46.763858795166016 3.235546875
46.84571647644043 3.235546875
46.92744708061218 3.22265625
47.00921273231506 3.235546875
47.09083127975464 3.22265625
47.172688245773315 3.22265625
47.254310607910156 3.22265625
47.336050271987915 3.235546875
47.41777443885803 3.235546875
47.499433755874634 3.22265625
47.58113121986389 3.2484374999999996
47.66274285316467 3.235546875
47.744500160217285 3.22265625
47.82624387741089 3.2484374999999996
47.907843351364136 3.235546875
47.98956537246704 0.0
